type	entity
ORGANIZATION	Gene Disease Network Analysis Reveals Functional Modules
ORGANIZATION	Gene Disease Network Analysis Reveals Functional Modules
ORGANIZATION	Gene Disease Network Analysis Reveals Functional Modules
ORGANIZATION	Gene Disease Network Analysis Reveals Functional Modules
ORGANIZATION	Gene Disease Network Analysis Reveals Functional Modules
ORGANIZATION	Gene Disease Network Analysis Reveals Functional Modules
ORGANIZATION	Gene Disease Network Analysis Reveals Functional Modules
ORGANIZATION	Gene Disease Network Analysis Reveals Functional Modules
ORGANIZATION	Gene Disease Network Analysis Reveals Functional Modules
ORGANIZATION	Gene Disease Network Analysis Reveals Functional Modules
ORGANIZATION	Gene Disease Network Analysis Reveals Functional Modules
ORGANIZATION	Gene Disease Network Analysis Reveals Functional Modules
ORGANIZATION	IDF
ORGANIZATION	Wikipedia
ORGANIZATION	Magyar Bahasa Indonesia Nederlands Polski Portugu s Sloven ina Svenska T
PERSON	Ti ng Vi
ORGANIZATION	Wikimedia Foundation
PERSON	MediaWiki
